time mx my
0 5 5
0.01 4.95129339175375 4.99755054870387
0.02 4.90251333096052 5.00116555546638
0.03 4.85300710581599 5.00208374229967
0.04 4.80862491630536 4.99984909120419
0.05 4.75947986012113 4.99894609871021
0.06 4.71344955765553 4.99112871888181
0.07 4.66741448005677 4.98479082135995
0.08 4.62098602952011 4.97653323719907
0.09 4.57466900345989 4.96628255115108
0.1 4.52933817073288 4.9555552790987
0.11 4.48131093740105 4.94431288979113
0.12 4.43937178775461 4.93687552786487
0.13 4.3993127691863 4.92665634155988
0.14 4.35611205247799 4.91275479793631
0.15 4.31418551367306 4.89934599176135
0.16 4.27434784823392 4.88383516705114
0.17 4.23187307542435 4.87187904706226
0.18 4.19097156002581 4.8581957361553
0.19 4.15322674753815 4.84465900495746
0.2 4.11489001623588 4.82884083626348
0.21 4.07555346490717 4.81367924550489
0.22 4.03882004676605 4.79584613618604
0.23 4.00383702617409 4.77999159895468
0.24 3.96688329795761 4.76179235655875
0.25 3.93124507661524 4.74139178452047
0.26 3.89716332195527 4.7227306661246
0.27 3.86231369026191 4.70472761767993
0.28 3.82712829993246 4.68444730087403
0.29 3.79180089131463 4.66067915339124
0.3 3.75922169995255 4.64172523078253
0.31 3.72707206295714 4.61943490353361
0.32 3.69560726301656 4.60007206748377
0.33 3.66560161697908 4.57994906854085
0.34 3.63551070636714 4.55802035295008
0.35 3.60722840987588 4.53951588453577
0.36 3.57986696227423 4.51825584181927
0.37 3.54966527132413 4.49341229534226
0.38 3.52102815444544 4.47153685648756
0.39 3.49640511895875 4.45032084976565
0.4 3.46845033271814 4.42702619489231
0.41 3.44312141448919 4.40504425915228
0.42 3.41562683957705 4.38352202789599
0.43 3.38955125998678 4.36059819444831
0.44 3.36637872239008 4.33837648988068
0.45 3.3425627771432 4.31308995613841
0.46 3.31807130203601 4.28752106059429
0.47 3.29307898780613 4.26250776791484
0.48 3.27211996111608 4.24510094199873
0.49 3.24913865893493 4.22167895573115
0.5 3.2266146396686 4.19675415332046
0.51 3.20623335670402 4.17530176072432
0.52 3.18652178993876 4.15497785936943
0.53 3.165950489909 4.12831083064756
0.54 3.14515823538869 4.10444380687352
0.55 3.12477368307798 4.08372454345036
0.56 3.10635502050639 4.06097315377806
0.57 3.08639997985667 4.03955392068792
0.58 3.06926326234257 4.01984034147921
0.59 3.05048939967979 3.99859918268884
0.6 3.03286941670305 3.97539737749156
0.61 3.01512537174336 3.95231451250921
0.62 2.99611814997432 3.92727421755091
0.63 2.97928151677837 3.90467168200395
0.64 2.96261954762365 3.88313637208919
0.65 2.94902200063329 3.8603198801621
0.66 2.93493270514185 3.83622984446705
0.67 2.92078561635299 3.80832907205882
0.68 2.90754473853199 3.78647947912531
0.69 2.89392725073715 3.76232376989616
0.7 2.87899969121315 3.74061778927312
0.71 2.8656860091123 3.72307477242652
0.72 2.85198854948358 3.70045733566272
0.73 2.83746206619331 3.67399839767537
0.74 2.82592694224704 3.65093432243625
0.75 2.81421292146329 3.62833908323158
0.76 2.80383347870468 3.60770539154668
0.77 2.79049712772836 3.58763906170665
0.78 2.77809878842981 3.56613334284223
0.79 2.76566965079226 3.54540568424977
0.8 2.75437248043223 3.52589986730219
0.81 2.74312687781364 3.50723770778624
0.82 2.73223484400463 3.4891016176623
0.83 2.72042370090384 3.46737700265896
0.84 2.70967001712636 3.44468864183509
0.85 2.70047790344458 3.42613097660298
0.86 2.69197565730188 3.40448481021925
0.87 2.68154144302121 3.384857760359
0.88 2.67078508951983 3.36225805461874
0.89 2.6627821417602 3.34252723309007
0.9 2.65342753431043 3.323710543159
0.91 2.64376883476349 3.30415241054304
0.92 2.63433061878922 3.28243701661575
0.93 2.62433872793834 3.25964206349207
0.94 2.61769539182023 3.24411295718695
0.95 2.60937111116732 3.22753551303623
0.96 2.60009337406003 3.20951515168668
0.97 2.59142456267104 3.19366954880995
0.98 2.58499277854378 3.17347231097501
0.99 2.57896006522643 3.15367108029974
1 2.57081717707672 3.1331757929308
1.01 2.56372525861279 3.11235798297391
1.02 2.55789606328048 3.09115020093739
1.03 2.55357474626035 3.06984225106877
1.04 2.5474207535636 3.0522393918804
1.05 2.54308992400448 3.03635577995934
1.06 2.53729370958183 3.01843257985284
1.07 2.53237539093842 3.00263266739981
1.08 2.5260927377095 2.98347603787573
1.09 2.52132077630432 2.96435322228283
1.1 2.51762399014875 2.946410621185
1.11 2.51218206121345 2.93057415390926
1.12 2.50858693265735 2.91422693617492
1.13 2.50541262118545 2.89781490753804
1.14 2.50079634244147 2.87894019658574
1.15 2.49673999200748 2.86146064359392
1.16 2.49322290747779 2.84265161291958
1.17 2.49130117143 2.82459054625717
1.18 2.48956492061869 2.80496099233025
1.19 2.48713152617159 2.79056095442224
1.2 2.4848173143203 2.77354480160576
1.21 2.48406512026652 2.7583546050512
1.22 2.47962524181122 2.74205230540941
1.23 2.47688469839369 2.72618517238926
1.24 2.47649472689248 2.7114279904819
1.25 2.47643635360981 2.69466202163474
1.26 2.47351495729934 2.68000279262016
1.27 2.47225624588 2.66600960559488
1.28 2.46806652608386 2.65112253310048
1.29 2.4676316203928 2.63656467929664
1.3 2.46621532642238 2.62170932843452
1.31 2.46598183160959 2.60836018573303
1.32 2.46517502245451 2.59468972223616
1.33 2.46411513461787 2.58200233043468
1.34 2.46279425111816 2.5693405603165
1.35 2.46219040288835 2.55278725610139
1.36 2.46101767244959 2.53972043821716
1.37 2.4612623563536 2.52524365681997
1.38 2.46063847418699 2.51422455987355
1.39 2.46108868895092 2.50129703772484
1.4 2.46070800628643 2.48730604597259
1.41 2.45935555549334 2.47524618596449
1.42 2.45892736910307 2.45870040611617
1.43 2.46009164015279 2.44529549599592
1.44 2.46089996763146 2.43408334644003
1.45 2.46168476421039 2.42013087844929
1.46 2.46381585255267 2.4065622839767
1.47 2.46530255739824 2.39420342863186
1.48 2.46723759205703 2.38041012840965
1.49 2.46770720750147 2.37058366609996
1.5 2.46904962998814 2.35928864082372
1.51 2.46880416429536 2.34874135521775
1.52 2.47206368059486 2.33767614810885
1.53 2.47681988168609 2.32440431711677
1.54 2.47630989769674 2.31338113756014
1.55 2.47679440364882 2.30225222873386
1.56 2.47948272634164 2.29434715947082
1.57 2.48200002887101 2.28625734831213
1.58 2.48496025208909 2.27554363036295
1.59 2.48750556940923 2.26687514000035
1.6 2.48925668816462 2.25605179725457
1.61 2.49333780327821 2.24748092673135
1.62 2.49747333634816 2.23727103541786
1.63 2.50290814422004 2.22859444006344
1.64 2.50476345504661 2.21695176238074
1.65 2.50940943024648 2.20736273263403
1.66 2.51241798272565 2.19701277591661
1.67 2.515506696959 2.18736841398498
1.68 2.52203071564337 2.17810354741797
1.69 2.52525725362852 2.17078749647206
1.7 2.52723752111967 2.16007168983186
1.71 2.53084654732672 2.14916108308306
1.72 2.53698292852618 2.13966163482462
1.73 2.54187121190265 2.13204407334063
1.74 2.5461502199202 2.12472771223062
1.75 2.54875603955632 2.11599854505921
1.76 2.55223790482376 2.10664417168759
1.77 2.55634350677755 2.09566935390624
1.78 2.55936126414426 2.08765952268334
1.79 2.5635018835384 2.07930460408087
1.8 2.57006304660228 2.06941021995411
1.81 2.57562797040935 2.06015683066643
1.82 2.58053363578476 2.05285778894502
1.83 2.58573213989429 2.04772639991653
1.84 2.59089635711064 2.04073149061154
1.85 2.59764773658593 2.03228480334542
1.86 2.60387913758078 2.02421669422134
1.87 2.60977385680084 2.01770279026143
1.88 2.61550667954836 2.00915885576303
1.89 2.62103298983402 2.00515185973143
1.9 2.62566714429551 1.99813938393175
1.91 2.62738171419307 1.98832353358199
1.92 2.63526552858433 1.98314603373636
1.93 2.64059388293932 1.97829277265863
1.94 2.64604384814654 1.97157394641404
1.95 2.65183196628606 1.96243883877553
1.96 2.65863883363134 1.95475772556229
1.97 2.66414823900343 1.94752120485178
1.98 2.66899558708332 1.9431222094143
1.99 2.67501465027572 1.9360416812884
2 2.68151745373915 1.93076006882481
2.01 2.68589840580872 1.92376091902797
2.02 2.69185331264786 1.91588142825288
2.03 2.69851560950809 1.91090215595305
2.04 2.70336831013298 1.90252477255588
2.05 2.71096765182873 1.8960658081425
2.06 2.7164634545362 1.88976425590366
2.07 2.7236632496257 1.88305660640782
2.08 2.73115271460212 1.87582521150275
2.09 2.73647715659577 1.87089475359709
2.1 2.74450516804138 1.86726837146805
2.11 2.75120722251174 1.86136900084542
2.12 2.75561215638675 1.85671692940522
2.13 2.76105456028733 1.85208317526931
2.14 2.76675518518238 1.84659745988645
2.15 2.77629473561425 1.84213829059201
2.16 2.78337466692641 1.83921452423735
2.17 2.79063551705579 1.8352053140075
2.18 2.79698688262235 1.83166634969942
2.19 2.80453216805402 1.82547668286557
2.2 2.8140376674165 1.8198542838669
2.21 2.82115343026757 1.81561262574735
2.22 2.82944387774805 1.80952267023244
2.23 2.83790756346204 1.80531484522075
2.24 2.84765814233605 1.80096721519025
2.25 2.85599767498616 1.79796549273884
2.26 2.8645416639715 1.79361898735874
2.27 2.87200965717366 1.79133063385315
2.28 2.87814651259131 1.78534218218621
2.29 2.88574879986185 1.78446614105563
2.3 2.89056373609209 1.78131287812521
2.31 2.89991764293029 1.78013657753689
2.32 2.90793188539085 1.77566048095392
2.33 2.91656404936878 1.77368084302809
2.34 2.92419135989571 1.77130742037603
2.35 2.93271993818224 1.76797836658745
2.36 2.94022344867396 1.76548733731307
2.37 2.94915460998173 1.76217921907909
2.38 2.95794029531985 1.75912546729077
2.39 2.96540846794533 1.75534205815029
2.4 2.9749115420137 1.75132951562789
2.41 2.98406186064349 1.7491346499132
2.42 2.99307443504074 1.7462684136401
2.43 3.00086787831229 1.74554732250161
2.44 3.00924789724509 1.74441824771037
2.45 3.0176713448968 1.74118487960975
2.46 3.02795999068164 1.73911138213419
2.47 3.03672854484882 1.73696662418088
2.48 3.04567318773556 1.7354869203274
2.49 3.05406861854341 1.73574797830188
2.5 3.06466579295296 1.73443329596002
2.51 3.07273220974629 1.73136222562717
2.52 3.08352504869156 1.73220926070819
2.53 3.09254770352279 1.73034586094918
2.54 3.10120525839892 1.72949656657489
2.55 3.11005184743427 1.7277619355514
2.56 3.11641320450137 1.72715994869991
2.57 3.12657040439331 1.72327504302751
2.58 3.13689138183393 1.72117909681184
2.59 3.14832886959189 1.71771883072708
2.6 3.156281808593 1.7168107310945
2.61 3.16743180752313 1.71581314422823
2.62 3.17854089502908 1.71114901555508
2.63 3.18891159370359 1.7099456680553
2.64 3.19870707414042 1.70755606159727
2.65 3.20968032953887 1.7069368839934
2.66 3.21887663634459 1.70554680263141
2.67 3.22994455110687 1.70373618235229
2.68 3.24085704615371 1.70057543591637
2.69 3.25349700905051 1.69763123884855
2.7 3.26481291986931 1.69644155965746
2.71 3.27538043398042 1.69424589240704
2.72 3.28494352568487 1.69105989631377
2.73 3.29653200365292 1.69168366995464
2.74 3.30735120489329 1.6891652163969
2.75 3.31765836587659 1.68918358917575
2.76 3.32785970464072 1.68856422454861
2.77 3.3382380368641 1.68665820902637
2.78 3.34994317462218 1.68501573283267
2.79 3.36225481095503 1.68609572130109
2.8 3.37467083703252 1.68610897112611
2.81 3.38571361476255 1.68424370426446
2.82 3.39620193093845 1.68679193274337
2.83 3.40876310541917 1.68728140015512
2.84 3.41668758181117 1.68762808476736
2.85 3.42473986598357 1.6909572727606
2.86 3.435441217149 1.6912139323179
2.87 3.44591126582736 1.69335920122673
2.88 3.4561302541459 1.69336970395538
2.89 3.468939780474 1.69308268384161
2.9 3.48188950439174 1.691904944309
2.91 3.49311523546089 1.69255915154278
2.92 3.50687108180406 1.69473346908991
2.93 3.51982279524226 1.69581450045383
2.94 3.52999400958872 1.69708474429041
2.95 3.54190171306659 1.69917505973882
2.96 3.55595882530213 1.70229994610933
2.97 3.56940768508272 1.70279926282807
2.98 3.57846882269501 1.70581188370116
2.99 3.5905105569024 1.70736125731997
3 3.60445843442766 1.70933938459866
3.01 3.61578042679451 1.71084309007311
3.02 3.62696210431229 1.71285910366694
3.03 3.63879638731875 1.71405114185709
3.04 3.65222749375636 1.71754103265709
3.05 3.66418372117294 1.71987367841923
3.06 3.67711394464452 1.71987696532233
3.07 3.68838973371134 1.72037094267619
3.08 3.70080487290717 1.72321025085873
3.09 3.71214396642134 1.72529359905273
3.1 3.72334616281107 1.72950265587895
3.11 3.73470646286456 1.73188097258771
3.12 3.74359635701233 1.73406654033668
3.13 3.75500427995178 1.73570688385425
3.14 3.76565956572034 1.73665461719373
3.15 3.77661595285317 1.74045879009928
3.16 3.78812198946827 1.74060017713958
3.17 3.79835442976451 1.74302177088873
3.18 3.81092092364899 1.744323907666
3.19 3.82252429340783 1.74829629733152
3.2 3.83241964679588 1.75211606141662
3.21 3.84518061868635 1.75247206593955
3.22 3.85767600451589 1.75721717431114
3.23 3.86702820084611 1.76124058312009
3.24 3.87838403796019 1.76476221417221
3.25 3.89111816403912 1.76736957102506
3.26 3.90150646398882 1.77029237137494
3.27 3.91431807320106 1.77512990350562
3.28 3.92452225483877 1.77551831761932
3.29 3.93588146937318 1.78047734083826
3.3 3.94816340277676 1.78499182872274
3.31 3.9597276330669 1.79068138144672
3.32 3.97106358320817 1.79457450557637
3.33 3.97901503276639 1.79668914160787
3.34 3.99084251945341 1.8006570857768
3.35 4.00023512825235 1.8057591913045
3.36 4.01060828656966 1.81017831252638
3.37 4.01940549742158 1.81372669939605
3.38 4.03037425120087 1.81993101609507
3.39 4.03908698799575 1.82310332443169
3.4 4.04804481252425 1.82449448570643
3.41 4.05894094277506 1.83032711388317
3.42 4.06836198242921 1.8355369983296
3.43 4.07736604617947 1.8419820744094
3.44 4.08551974894304 1.8460599121482
3.45 4.09687209933158 1.85141015436444
3.46 4.10605615404659 1.85703566791861
3.47 4.11479955084212 1.86365528634808
3.48 4.12658478958459 1.86931301607148
3.49 4.13431872175473 1.8729758790426
3.5 4.14437100014835 1.87491129039133
3.51 4.15447129011364 1.88172225367285
3.52 4.16517658351448 1.8872804640166
3.53 4.17241869535477 1.89226957769303
3.54 4.18212923554645 1.89739162765205
3.55 4.19072076291656 1.90321932418058
3.56 4.19909192629083 1.907175181717
3.57 4.20939517342851 1.91349497428719
3.58 4.21608914602481 1.91778717206344
3.59 4.22380326303846 1.92057563074214
3.6 4.23505112396742 1.92476293681712
3.61 4.24463353023896 1.93019065205422
3.62 4.25696866473255 1.93645920483331
3.63 4.26402772770841 1.94414607350324
3.64 4.27342381768574 1.94806829569274
3.65 4.28418648481751 1.95067765819336
3.66 4.29170084203073 1.95761164414717
3.67 4.30106497754018 1.96255595387694
3.68 4.30868872279976 1.96809964421099
3.69 4.3159848199809 1.97533491036002
3.7 4.32320530892125 1.98119098401727
3.71 4.33121197020108 1.98834412316594
3.72 4.33806517370733 1.99147583545373
3.73 4.3467170153759 1.99774043754885
3.74 4.35596553184668 2.00339744438965
3.75 4.36463358451289 2.00852796430659
3.76 4.37492364362364 2.01586516979147
3.77 4.38130384736425 2.02374689350063
3.78 4.39086442167581 2.03120742267665
3.79 4.39907008977573 2.03662869174793
3.8 4.40496704851403 2.04219994092287
3.81 4.4118052471498 2.04985313741136
3.82 4.41865879862104 2.05728675269988
3.83 4.42487694923513 2.06368500338899
3.84 4.43222573455721 2.07164950377417
3.85 4.44162700081289 2.07822763852765
3.86 4.44794645905266 2.08762934949717
3.87 4.45659932003213 2.09251746956662
3.88 4.46347482652549 2.09804088729986
3.89 4.47207263144376 2.1066804643573
3.9 4.48198645137086 2.11312475791679
3.91 4.48607637497989 2.12244856082575
3.92 4.49108923080998 2.13168101989984
3.93 4.49795529891223 2.13973080642315
3.94 4.50611711391425 2.14674357838853
3.95 4.51433186505092 2.15515931988568
3.96 4.52027230827196 2.16194296650136
3.97 4.5277388160734 2.17055826240415
3.98 4.53320231155584 2.17817068831863
3.99 4.5397081751982 2.18695927622986
4 4.54501049051024 2.19444596182151
4.01 4.55152792756685 2.20016558530185
4.02 4.55831436715488 2.20663885282929
4.03 4.56326427518679 2.21484045007956
4.04 4.56742024208532 2.22272896222643
4.05 4.57343024854962 2.23106897938629
4.06 4.5790583767777 2.23795823307946
4.07 4.58355653631572 2.24767725131814
4.08 4.58798075836651 2.25431167327601
4.09 4.59119804795454 2.26117057023502
4.1 4.59660212956515 2.26983246792032
4.11 4.59942345322969 2.27787194111106
4.12 4.60261006645798 2.28637393988303
4.13 4.60728096431325 2.2979562535141
4.14 4.61050964255325 2.30802025612683
4.15 4.61323622707104 2.31462799350215
4.16 4.61563338599937 2.32357847182951
4.17 4.62044512782617 2.33222218423794
4.18 4.62296547629942 2.33996734068922
4.19 4.62799438289442 2.34959164817565
4.2 4.62962770505242 2.35751820109988
4.21 4.63415305295536 2.36354641632677
4.22 4.63845236084894 2.36868421734774
4.23 4.64146946949921 2.37603158458192
4.24 4.64438224816161 2.38617556117958
4.25 4.6442657519575 2.39383851359196
4.26 4.6499137398188 2.40054113118965
4.27 4.65034450518125 2.4054243618685
4.28 4.65146409030377 2.41474880801458
4.29 4.65196464378329 2.4251230621056
4.3 4.65449330168218 2.43193213712555
4.31 4.65262561722606 2.43739486004321
4.32 4.65423998576771 2.44492706326588
4.33 4.65674004412252 2.45238358713708
4.34 4.65807945754524 2.46230867617269
4.35 4.6576452270275 2.46984494302659
4.36 4.65817568419711 2.47445632919289
4.37 4.66021580690064 2.48235972302672
4.38 4.66192836923048 2.48953480658628
4.39 4.66019711460716 2.49884667059402
4.4 4.66184139203164 2.50829202365252
4.41 4.66348053126108 2.51788038181542
4.42 4.66399794707313 2.5277511024207
4.43 4.66360052343625 2.53665852049888
4.44 4.66370854471996 2.54779004406127
4.45 4.66391160392747 2.55495858403322
4.46 4.66471933616 2.56406272733941
4.47 4.66270037056288 2.57200156603985
4.48 4.6608474508843 2.58073340942056
4.49 4.66037114430401 2.58942331572415
4.5 4.65725265426917 2.59910029289433
4.51 4.65920787822987 2.60496790417901
4.52 4.65814723078515 2.61212732387781
4.53 4.6545317976181 2.61965320153686
4.54 4.65475980765323 2.62703960945603
4.55 4.65425394541739 2.63691204025001
4.56 4.64960192813866 2.64570605756464
4.57 4.64518722773781 2.65306602417945
4.58 4.64209666705729 2.6603218378018
4.59 4.63753796818602 2.66899968565684
4.6 4.63449705521764 2.67752414098869
4.61 4.62839132752289 2.6859911005319
4.62 4.6237464585297 2.69146248907117
4.63 4.62108442945333 2.70007496580751
4.64 4.6179769092119 2.70460811606813
4.65 4.6144082406864 2.71484534035349
4.66 4.61197232079202 2.72286153871705
4.67 4.61116792772453 2.7320681685626
4.68 4.60748011359262 2.73928963447901
4.69 4.60244475711658 2.74666871644121
4.7 4.60075268890096 2.75143341334732
4.71 4.596695455948 2.75781406952195
4.72 4.58961093405124 2.76408517428794
4.73 4.58432557249584 2.77202154539193
4.74 4.57590609356883 2.77749640729824
4.75 4.57137539439761 2.78475495733881
4.76 4.5650795175543 2.78989309780372
4.77 4.56072462382596 2.7970239673284
4.78 4.55496695879171 2.80122012505735
4.79 4.54958346584201 2.80564336123112
4.8 4.54296006522408 2.81216304597731
4.81 4.53713660339355 2.82195103369846
4.82 4.53354525352724 2.82661238139553
4.83 4.52713067205603 2.83415570948142
4.84 4.52063362424034 2.83829427397228
4.85 4.51151788479155 2.84560349336173
4.86 4.50560189973948 2.85069925345437
4.87 4.49766430573603 2.85827795109917
4.88 4.49076315130126 2.86414605014888
4.89 4.4814902873847 2.86987705866133
4.9 4.47534610525265 2.8768988533342
4.91 4.47005953273838 2.88215003469328
4.92 4.46524754393932 2.88768390490477
4.93 4.45620570425605 2.8959867635075
4.94 4.44660086988595 2.90048442109725
4.95 4.43961686742179 2.90696714740915
4.96 4.43317072666856 2.90944886186102
4.97 4.42815386916824 2.91241424686975
4.98 4.41766927945963 2.91560714413079
4.99 4.40944429279112 2.92072216243158
5 4.4005283237938 2.92298995770289
5.01 4.39264751969525 2.92624831671888
5.02 4.38451920316215 2.93009441670856
5.03 4.37565589458873 2.93118654945252
5.04 4.36610343345283 2.93636120628159
5.05 4.35980726164198 2.94053707509731
5.06 4.35370954575292 2.94507295691158
5.07 4.34818427117852 2.94658469998471
5.08 4.34086510546965 2.94935744729346
5.09 4.33380824435942 2.95541714094386
5.1 4.32530821434174 2.96130148635811
5.11 4.31519567310757 2.96220642343095
5.12 4.30722701440594 2.96489606752011
5.13 4.29741266289461 2.96921724499669
5.14 4.28933809345917 2.97140448254086
5.15 4.28192021809988 2.9739823547465
5.16 4.27418909202321 2.97551006620956
5.17 4.26629267058999 2.97928586499736
5.18 4.25874868148596 2.98235098191764
5.19 4.25061507414888 2.9866982006319
5.2 4.24021070601855 2.98738467116137
5.21 4.23394183111693 2.98961713263816
5.22 4.22667088809267 2.99264914682176
5.23 4.21793770790836 2.99562060172171
5.24 4.20894172044283 2.99719715239322
5.25 4.20075449526372 2.99801331803852
5.26 4.19347595469025 3.00071425076091
5.27 4.18565222229675 3.00155422555806
5.28 4.17526180753173 3.00618635203382
5.29 4.16612659618696 3.00693276434129
5.3 4.15943589281198 3.00733411432257
5.31 4.15190787774097 3.01122349085661
5.32 4.1427619868643 3.01096127105293
5.33 4.13445571162462 3.0102509424322
5.34 4.12473526008439 3.01028200713133
5.35 4.11561325214551 3.01139019581533
5.36 4.10765176035215 3.01084428744664
5.37 4.10204664135718 3.01171860335395
5.38 4.09412382715148 3.01342147096134
5.39 4.08550731550087 3.01222645068544
5.4 4.07629488886281 3.01015247034108
5.41 4.07031892802679 3.00867289661618
5.42 4.06015716869217 3.01462672552499
5.43 4.05282056307583 3.0113493994831
5.44 4.04516807319687 3.00987287984954
5.45 4.03477496495886 3.01220598352812
5.46 4.02611460244535 3.01173245135447
5.47 4.0173309238806 3.01078452444435
5.48 4.00621401250413 3.00993271844775
5.49 3.99832042520372 3.00885344477692
5.5 3.98895521046327 3.00689074503376
5.51 3.98097196898314 3.00249572991527
5.52 3.97354437153631 2.99879242043107
5.53 3.96413598545539 2.99796988812708
5.54 3.95675507917066 2.99725909213906
5.55 3.95008380057837 2.99505177066177
5.56 3.94016262031442 2.99499676420348
5.57 3.93358113668391 2.99575579165466
5.58 3.92619467574768 2.99456841199655
5.59 3.91862455487038 2.9904896906429
5.6 3.9108922293344 2.98769508763527
5.61 3.90243652556888 2.98486779591148
5.62 3.89595072810116 2.98096235454418
5.63 3.88926850210668 2.97911697521187
5.64 3.88379603240722 2.97736314849835
5.65 3.8777923021673 2.97667799473524
5.66 3.87326081956263 2.97376101643335
5.67 3.86580505081871 2.97035408219083
5.68 3.85875457650675 2.96913562313
5.69 3.85215467590411 2.96731282162061
5.7 3.84421137165023 2.96392491426629
5.71 3.83803057482247 2.96416938397159
5.72 3.83208009310255 2.95998435803173
5.73 3.82415204993993 2.95861388202612
5.74 3.81635739483954 2.95598742219656
5.75 3.81178599430677 2.95199361763453
5.76 3.80578109843395 2.95088769778418
5.77 3.79813528268456 2.94833351608599
5.78 3.79090488637624 2.94710226837295
5.79 3.78304048347447 2.94081669367005
5.8 3.77717985315909 2.93690407739886
5.81 3.77101924087333 2.93577640668747
5.82 3.76534644206 2.93378899117117
5.83 3.7575335603911 2.93142246625548
5.84 3.75319863753848 2.9323676842646
5.85 3.74708065858534 2.92811530917976
5.86 3.74166399109842 2.92332965402745
5.87 3.73414318063035 2.92153699702847
5.88 3.72697385477383 2.91948820510692
5.89 3.721059809234 2.91556626265377
5.9 3.71595287193034 2.91385366646364
5.91 3.71071075749626 2.91012111984501
5.92 3.70401480932936 2.90490851251065
5.93 3.69710947746397 2.89895006140114
5.94 3.69234891505125 2.89473505963103
5.95 3.68679444933031 2.89145821165623
5.96 3.6797228626674 2.88805959961759
5.97 3.67326109016829 2.88340375772093
5.98 3.66571884782097 2.8780581257126
5.99 3.65908757012623 2.87299086658622
6 3.65279182175647 2.86612661451745
6.01 3.64872267739884 2.8624968658235
6.02 3.64358182956862 2.8586041525033
6.03 3.64039163365628 2.85553234977557
6.04 3.63394922600568 2.85110321799449
6.05 3.62695086731111 2.84963391486289
6.06 3.62166212339981 2.84422685032417
6.07 3.61812798776263 2.84212020531854
6.08 3.6134202038718 2.84382216473206
6.09 3.60887619527823 2.84201734658995
6.1 3.6045222651055 2.83578822221367
6.11 3.59919851081308 2.83104612503223
6.12 3.59441121718363 2.82816442484402
6.13 3.58952253994689 2.82505723238516
6.14 3.58791660375909 2.81905632950509
6.15 3.58119262108168 2.81718773260562
6.16 3.57874611582449 2.8121546038804
6.17 3.57562254275549 2.80670984829049
6.18 3.56994954290099 2.80008607272315
6.19 3.56867320337076 2.79432388071798
6.2 3.56399452777377 2.78956496269656
6.21 3.56048516413085 2.78405025517563
6.22 3.55699161825029 2.77835912340679
6.23 3.55378018840569 2.77505901699827
6.24 3.55025851473695 2.77550239857043
6.25 3.54739569654136 2.76980288679635
6.26 3.54131078396788 2.76205895474091
6.27 3.53640102768334 2.75978780145705
6.28 3.53280313963479 2.75752774684216
6.29 3.52980657719632 2.75466805259569
6.3 3.52534238920767 2.75074255406077
6.31 3.52210770252626 2.74736968689849
6.32 3.51880325918781 2.74486383453374
6.33 3.51599042635779 2.74136716736236
6.34 3.5128277214815 2.73894209047649
6.35 3.50928636612903 2.73677908438537
6.36 3.50380427421996 2.73155654503428
6.37 3.49747428292225 2.72907597291075
6.38 3.49340703948818 2.72545508330042
6.39 3.48887003212439 2.72074579503909
6.4 3.48356390554198 2.71630153748824
6.41 3.48205336561341 2.71247198363569
6.42 3.47852134045488 2.70809534651596
6.43 3.47398970215623 2.70410915661453
6.44 3.46981648792742 2.69776351946169
6.45 3.46807915712654 2.69245799473773
6.46 3.464773142825 2.68603743627067
6.47 3.46225718147371 2.68186567724448
6.48 3.45847912240594 2.67737005735571
6.49 3.45622425710979 2.67311854613123
6.5 3.45574142107184 2.66860236486202
6.51 3.45306312617181 2.66441304543151
6.52 3.45083267046169 2.66140236021099
6.53 3.44835233558566 2.65619848022677
6.54 3.44424274102737 2.65138513018487
6.55 3.44202894672222 2.64656208702158
6.56 3.44073091621449 2.64102844558302
6.57 3.43765764107055 2.63658786151992
6.58 3.43504462502567 2.63271027312878
6.59 3.43209536917989 2.62905990339121
6.6 3.43145946482517 2.62371291125596
6.61 3.42815185105456 2.62026306327888
6.62 3.42575632340083 2.61061930471069
6.63 3.42246093889249 2.60861662719786
6.64 3.42037131445572 2.60064535992987
6.65 3.41714001499778 2.59751357401305
6.66 3.41674528426813 2.59197923337952
6.67 3.4158142852389 2.58777849720853
6.68 3.41516583466224 2.58236501244564
6.69 3.41262386073451 2.57560020700244
6.7 3.41297229924474 2.57114784613422
6.71 3.41214204802965 2.56782780483107
6.72 3.41167372890013 2.56151470753028
6.73 3.41107354534733 2.55667822652869
6.74 3.41050448782281 2.55260821135481
6.75 3.40929260887144 2.54676266303905
6.76 3.40705460124269 2.54193150278454
6.77 3.40550498238468 2.53674312097413
6.78 3.40529630873505 2.53303947257756
6.79 3.40450425547487 2.52791596723437
6.8 3.40413392060883 2.52527772980902
6.81 3.40409904495254 2.51924692088725
6.82 3.40485396756442 2.51518725588446
6.83 3.40646245368923 2.51020482729959
6.84 3.40617554029912 2.5061199583683
6.85 3.40660908356063 2.50103023239766
6.86 3.40874969523641 2.4964514147477
6.87 3.40760442270285 2.49189239549085
6.88 3.40771200195513 2.48870529465102
6.89 3.40747159398174 2.48313037725422
6.9 3.40694935768815 2.48182621238706
6.91 3.40729359170672 2.47915386431809
6.92 3.40635126762934 2.47809407143591
6.93 3.4097391743864 2.47559495333956
6.94 3.41032462224866 2.47246376353004
6.95 3.41155932526928 2.46828136003931
6.96 3.41237600818853 2.46316108883737
6.97 3.41432184832819 2.46126213352432
6.98 3.41573895515857 2.45689157393229
6.99 3.41536387361822 2.4544915583517
7 3.41708984531285 2.45033631893993
7.01 3.41849013425883 2.44577830390734
7.02 3.41968237906285 2.44322241003358
7.03 3.42011988212043 2.43719378163119
7.04 3.42158989575871 2.43425276688644
7.05 3.42318353738133 2.42998319384627
7.06 3.42403080316398 2.42730942742512
7.07 3.4249543477029 2.42459660869317
7.08 3.42644327382145 2.42086127819138
7.09 3.42753816549661 2.41653125683109
7.1 3.42649051733487 2.41249701364582
7.11 3.42637577607824 2.40721203009175
7.12 3.42776970805882 2.40382725523175
7.13 3.43010085767786 2.40206288153275
7.14 3.42998732920977 2.40001711435363
7.15 3.42921314949562 2.39590924392205
7.16 3.43043016345729 2.39097952039647
7.17 3.43284695452424 2.38752559602601
7.18 3.43445992498305 2.38349865979083
7.19 3.43448436936197 2.38040560984696
7.2 3.43429908621272 2.37708002313971
7.21 3.43533591989543 2.37279638802617
7.22 3.43583859386273 2.37048127397996
7.23 3.43796679915256 2.37149368626956
7.24 3.43794474235285 2.36847798139244
7.25 3.43792195920921 2.36600148581038
7.26 3.44001380556879 2.36452512368315
7.27 3.4418950584704 2.36104808020281
7.28 3.44282977275704 2.35705012377343
7.29 3.44409935070555 2.35571211603938
7.3 3.44438733467223 2.35346940584654
7.31 3.44648404228014 2.35007246145038
7.32 3.44716064546201 2.35035782112344
7.33 3.4478382605069 2.35014482088429
7.34 3.45015525536149 2.34875861649877
7.35 3.45122241346463 2.34300156947557
7.36 3.45193274238651 2.34047368340489
7.37 3.45362346533163 2.33874117356207
7.38 3.45735909261464 2.33726882498491
7.39 3.45905428112467 2.33469791727352
7.4 3.4610430868188 2.33426561619244
7.41 3.4644774459922 2.32998930536255
7.42 3.4647667879354 2.32826101814079
7.43 3.46639536854844 2.32592304708446
7.44 3.46801584165444 2.32757200087614
7.45 3.47174047148229 2.3265128810828
7.46 3.47410401641142 2.32355909936444
7.47 3.47573421640378 2.32148626329317
7.48 3.47748565291477 2.32031502911677
7.49 3.47996530986199 2.31744235196654
7.5 3.48252672296797 2.31150162882021
7.51 3.48233559322979 2.31018128569747
7.52 3.4860219113026 2.30825556246609
7.53 3.48846712860992 2.30610678139222
7.54 3.48966385016659 2.30230916870479
7.55 3.48939605931459 2.30125952686925
7.56 3.49244250155878 2.29907453788468
7.57 3.4936250309148 2.29508913370768
7.58 3.4987597255624 2.29180919356512
7.59 3.50000106715209 2.28772906256971
7.6 3.5048753949972 2.28899582441163
7.61 3.50790371334125 2.28761965655826
7.62 3.5088841029503 2.28724925364583
7.63 3.5132386115318 2.28599012016238
7.64 3.51728954290407 2.28398593775423
7.65 3.51920271835982 2.28493938292407
7.66 3.52391890229387 2.28363015129174
7.67 3.524664076348 2.28227224977297
7.68 3.5261403511784 2.27998332511762
7.69 3.52818756660435 2.27940534500076
7.7 3.53094668673065 2.27829606808668
7.71 3.53496533979627 2.27535802356414
7.72 3.53734229808456 2.27446174699331
7.73 3.54072479654251 2.27048948938977
7.74 3.5449030761342 2.26955094548054
7.75 3.54626325865375 2.26814465837754
7.76 3.54830160309792 2.26457033484519
7.77 3.55164257739047 2.26257465956411
7.78 3.55488053293678 2.26052244600902
7.79 3.55821000477292 2.25500083542725
7.8 3.55995172082385 2.25180184130249
7.81 3.56419419590451 2.25226278799219
7.82 3.56739913207725 2.25213065435517
7.83 3.57064827591123 2.25248279428338
7.84 3.57335809386415 2.25072650468336
7.85 3.57660609262188 2.24851259935618
7.86 3.58208578576142 2.24510848499049
7.87 3.58593664872742 2.24244874865226
7.88 3.59148351104661 2.23868012102539
7.89 3.59662218030574 2.24004732504726
7.9 3.59927281154882 2.23992475767874
7.91 3.60343572701221 2.23709506082293
7.92 3.6066634386172 2.23588215122096
7.93 3.60989390742445 2.23531006921152
7.94 3.61511344975103 2.23133562292201
7.95 3.62018264094774 2.2297152518126
7.96 3.62448793733116 2.22878745325369
7.97 3.6278362340701 2.22904216340066
7.98 3.63269668424599 2.22927357839499
7.99 3.63676298739952 2.22910865124536
8 3.6433012040308 2.22786686529064
8.01 3.64820367601353 2.22988155044756
8.02 3.65219490965693 2.22959876021909
8.03 3.65706150436023 2.2299517967265
8.04 3.66051388720212 2.22995282482834
8.05 3.66289326072301 2.22918173171503
8.06 3.66679607758135 2.23011670554791
8.07 3.67072566397623 2.22687120953163
8.08 3.6760784836091 2.22892080625188
8.09 3.67993939314994 2.22879587478781
8.1 3.68404174251294 2.2254780794863
8.11 3.68877202411961 2.22481610558385
8.12 3.69394114382315 2.22279192339858
8.13 3.69664657314717 2.22235357682879
8.14 3.70018953652611 2.22319344238826
8.15 3.70509987360875 2.22419574145833
8.16 3.70791876672075 2.22641011753001
8.17 3.71079736352855 2.22552883899077
8.18 3.71242138978504 2.22571326315977
8.19 3.71713965256937 2.22626433023764
8.2 3.72392879033746 2.22658110428025
8.21 3.72732973767092 2.22785244449225
8.22 3.73136288547234 2.22924309932524
8.23 3.73379584673595 2.23144281644711
8.24 3.73828072507806 2.23210280179819
8.25 3.74342395688389 2.2340865439642
8.26 3.74795978340757 2.2334633842636
8.27 3.75167881952528 2.23539725994602
8.28 3.75379315808638 2.23713468138635
8.29 3.75738935239771 2.23914740820037
8.3 3.76183036269164 2.2388246960228
8.31 3.76667085975489 2.24057975146357
8.32 3.77073159883541 2.24153943131782
8.33 3.77599389467466 2.23946725454872
8.34 3.77804534735187 2.24019266700745
8.35 3.78184550487831 2.2392836646137
8.36 3.78631645088638 2.23949356788601
8.37 3.78905132217929 2.24211904888739
8.38 3.79423121645434 2.24328946369992
8.39 3.79547936154691 2.2441355083297
8.4 3.797428965228 2.24316590940599
8.41 3.80244593555062 2.24489802727441
8.42 3.80494692002376 2.24344566080163
8.43 3.8080283404714 2.24531900690898
8.44 3.80968809266057 2.24531839524382
8.45 3.81362245193685 2.24603062044896
8.46 3.81586051654616 2.24771740929652
8.47 3.82137369721301 2.24979796706217
8.48 3.82815211774669 2.25059309652316
8.49 3.83179988815018 2.25416615973019
8.5 3.83349016690605 2.25518364489725
8.51 3.83681307131221 2.25629363596188
8.52 3.84033794045266 2.25805754494097
8.53 3.84382115937631 2.25973736658278
8.54 3.84696176630189 2.26269683990978
8.55 3.84749592183078 2.26195564442117
8.56 3.85194900127631 2.26489869133485
8.57 3.85561000796896 2.26462175310882
8.58 3.85921176867015 2.267835139282
8.59 3.86583436278086 2.27040377173011
8.6 3.87063840734956 2.27330710162159
8.61 3.87468154831052 2.27684325324409
8.62 3.87818783656265 2.28098526368716
8.63 3.88064697830257 2.28073409215712
8.64 3.88499326628528 2.28286862032705
8.65 3.88738978658113 2.28645202012786
8.66 3.89020454242435 2.28760638391464
8.67 3.89217624926341 2.28919577482296
8.68 3.89795450002616 2.29057231178259
8.69 3.90041237307396 2.29030654228057
8.7 3.90376029742066 2.2901422442301
8.71 3.906852705262 2.29221268582682
8.72 3.91048507861776 2.29416545632164
8.73 3.91131450859612 2.29476085421914
8.74 3.9129722034146 2.29483260913499
8.75 3.91603463872322 2.29701565483219
8.76 3.91861562429722 2.29941504396062
8.77 3.91878899767542 2.30196399775158
8.78 3.92062065986288 2.30474858555498
8.79 3.92345427363063 2.30655343066596
8.8 3.92592783664973 2.30686505410324
8.81 3.92808287482324 2.30803008125547
8.82 3.93008709174977 2.30822321799434
8.83 3.93331793894674 2.31140071273604
8.84 3.93827650228146 2.31324774086538
8.85 3.94196820399644 2.31713104390261
8.86 3.94633317029774 2.31891441852297
8.87 3.94766301626891 2.32327864929822
8.88 3.95132272189477 2.32823356180293
8.89 3.95420614259647 2.33087704517026
8.9 3.9557702529133 2.33100136933132
8.91 3.95834294298158 2.33234315388843
8.92 3.96127515599842 2.33399058220276
8.93 3.96430441313442 2.33522765735809
8.94 3.96910292037473 2.33574430920281
8.95 3.97524054227722 2.3377427327542
8.96 3.97753052096511 2.34022154746238
8.97 3.98088036516816 2.34085375443416
8.98 3.98221016228597 2.34251625751144
8.99 3.98364597365864 2.34428998327825
9 3.98569442601497 2.34592688305965
9.01 3.98676086571197 2.34915516558437
9.02 3.99057976901042 2.35246807992277
9.03 3.9945058740376 2.35397077183858
9.04 3.9954792273382 2.35868386924964
9.05 3.99590913261934 2.35910781759668
9.06 3.99925701431771 2.364027438779
9.07 4.00232955625773 2.36414528548651
9.08 4.00183626115209 2.36633493776099
9.09 4.00557791583064 2.36888320317191
9.1 4.0061096715424 2.37200710166129
9.11 4.00860471534857 2.37364713358107
9.12 4.00881272860923 2.37517510909104
9.13 4.01190364556379 2.37966023383728
9.14 4.01606495528005 2.3833309749767
9.15 4.01663603116667 2.38696780736978
9.16 4.01836377663877 2.39126610138488
9.17 4.02135575894339 2.39459511650895
9.18 4.02125196238575 2.39492244519871
9.19 4.02183695588227 2.39457247297196
9.2 4.02318660482077 2.39638799640957
9.21 4.02456302861958 2.40044082141282
9.22 4.0251127101464 2.4056038753968
9.23 4.02689289521659 2.40827719533871
9.24 4.02697281794375 2.41303042707272
9.25 4.0288683414011 2.41572655220608
9.26 4.03001703357199 2.41904403336595
9.27 4.02914250385027 2.42035824113273
9.28 4.03171158041338 2.42535397768287
9.29 4.03273184743474 2.4287778001389
9.3 4.03084298560825 2.43215713193592
9.31 4.03017322316196 2.43289333766279
9.32 4.0307520888409 2.43683578611895
9.33 4.03148405575694 2.43982681065131
9.34 4.03075622788978 2.44440970199133
9.35 4.03171856155194 2.44788781943819
9.36 4.03129850123707 2.45010949267859
9.37 4.03251907591579 2.45111530073609
9.38 4.03561178164247 2.45341321343741
9.39 4.03775160652236 2.4552286407273
9.4 4.03970065133455 2.45825869346275
9.41 4.0387580532825 2.46019797416606
9.42 4.04229908562754 2.4621460819747
9.43 4.04180613326448 2.46527684393464
9.44 4.04299217445409 2.46845753121492
9.45 4.0426436383397 2.46947207087353
9.46 4.03986483198022 2.47073420970887
9.47 4.04203484982108 2.47363135506668
9.48 4.04292492159641 2.47862977488847
9.49 4.04427004047232 2.47985415253461
9.5 4.04414543238798 2.48325323347185
9.51 4.04271854788629 2.48727771401213
9.52 4.04325028402025 2.49013307689936
9.53 4.04349272775172 2.49198001851908
9.54 4.04502276161999 2.49076400305657
9.55 4.0440127856808 2.49248997925514
9.56 4.04467585755464 2.4939660045919
9.57 4.04493095613873 2.49510053231705
9.58 4.04545677438981 2.49766824985827
9.59 4.04711004087429 2.50074272935956
9.6 4.04751424887191 2.49960944010558
9.61 4.04727766989683 2.5044190222968
9.62 4.04732766575103 2.50650532021906
9.63 4.04605900759776 2.50768322179488
9.64 4.04619297117737 2.51255180824062
9.65 4.04489654029514 2.51641877371485
9.66 4.04398841339038 2.52049999872456
9.67 4.04234378178184 2.52350619130897
9.68 4.04021693257009 2.53010826308115
9.69 4.04130637535798 2.53484168234646
9.7 4.03851112144013 2.53675894898378
9.71 4.03671760590499 2.53992568422722
9.72 4.03511302283172 2.54261199678141
9.73 4.03427137530103 2.54347353248628
9.74 4.03131027030728 2.54714990150863
9.75 4.03181627546462 2.54951627034309
9.76 4.03135316867073 2.55226042433272
9.77 4.03211359372543 2.55554661126625
9.78 4.03034129411729 2.55953215279133
9.79 4.03208797262864 2.56162939567113
9.8 4.03072409833411 2.5626608419898
9.81 4.03273649048937 2.56738398882936
9.82 4.03280881475182 2.56910464703196
9.83 4.03417659334888 2.57125242685864
9.84 4.03452808583453 2.57361440642117
9.85 4.0332763756318 2.57580600648283
9.86 4.03465228132235 2.57956294957753
9.87 4.03625187740777 2.58137030883677
9.88 4.03655638190694 2.58463405224829
9.89 4.03229566255248 2.58712057246976
9.9 4.02948241543854 2.5881263724086
9.91 4.02562487216525 2.58756522950778
9.92 4.02388158706181 2.59059381412642
9.93 4.02109439031043 2.58859693159976
9.94 4.02144526647231 2.59228868206903
9.95 4.0193913366919 2.59021696950286
9.96 4.01890172599147 2.59332184758447
9.97 4.0173148307956 2.59507906465709
9.98 4.01350134970265 2.59841882528249
9.99 4.01218237293772 2.59727078818127
10 4.00949595890774 2.59812500924752
